-19.000000 21.000000  1.000000  1.000000         1
-17.000000 23.000000  3.000000  4.000000        26
-15.000000 25.000000  5.000000 -0.500000        26
-13.000000 27.000000  7.000000  4.000000        26
-11.000000 29.000000  9.000000  4.000000         3
 -9.000000 31.000000 11.000000  1.000000         2
 -7.000000 33.000000 13.000000  4.000000        26
 -5.000000 35.000000 15.000000 -0.500000        26
 -3.000000 37.000000 17.000000  4.000000        26
 -1.000000 39.000000 19.000000  4.000000         3
  1.000000 41.000000 21.000000  1.000000         1
  3.000000 43.000000 23.000000  4.000000        26
  5.000000 45.000000 25.000000-------------ERROR: no roots in the interval
  7.000000 47.000000 27.000000-------------ERROR: no roots in the interval
  9.000000 49.000000 29.000000-------------ERROR: no roots in the interval
 11.000000 51.000000 31.000000-------------ERROR: no roots in the interval
